cam0:
  T_cam_imu:
  - [0.05610600624534576, 0.04377180762328013, 0.9974648589903241, 0.11104023878832417]
  - [0.03994144054500885, -0.9983371985091792, 0.04156343826047912, 0.009158473523836391]
  - [0.9976255797594538, 0.03750822483447719, -0.05776102214624981, -0.03753770351217288]
  - [0.0, 0.0, 0.0, 1.0]
  camera_model: pinhole
  distortion_coeffs: [-0.4435178340619321, 0.2027350935660245, 2.37550289122828e-05,
    0.0001425946418511655]
  distortion_model: radtan
  intrinsics: [617.249240738915, 617.823825643282, 375.1235823747558, 241.9032672063267]
  resolution: [752, 480]
  rostopic: /cam0/image_raw
  timeshift_cam_imu: 0.0016791901236264588
